arraySize<-c(100000,
     200000,
     300000,
     400000,
     500000,
     600000,
     700000,
     800000,
     900000,
     1000000,
     1100000,
     1200000,
     1300000,
     1400000,
     1500000,
     1600000,
     1700000,
     1800000,
     1900000,
     2000000,
     2100000,
     2200000,
     2300000,
     2400000,
     2500000,
     2600000,
     2700000,
     2800000,
     2900000,
     3000000,
     3100000,
     3200000,
     3300000,
     3400000,
     3500000,
     3600000,
     3700000,
     3800000,
     3900000,
     4000000,
     4100000,
     4200000,
     4300000,
     4400000,
     4500000,
     4600000,
     4700000,
     4800000,
     4900000,
     5000000,
     5100000,
     5200000,
     5300000,
     5400000,
     5500000,
     5600000,
     5700000,
     5800000,
     5900000,
     6000000,
     6100000,
     6200000,
     6300000,
     6400000,
     6500000,
     6600000,
     6700000,
     6800000,
     6900000,
     7000000,
     7100000,
     7200000,
     7300000,
     7400000,
     7500000,
     7600000,
     7700000,
     7800000,
     7900000,
     8000000,
     8100000,
     8200000,
     8300000,
     8400000,
     8500000,
     8600000,
     8700000,
     8800000,
     8900000,
     9000000,
     9100000,
     9200000,
     9300000,
     9400000,
     9500000,
     9600000,
     9700000,
     9800000,
     9900000,
     10000000
)
RanTime<-c(
  20,
  7,
  2,
  3,
  4,
  6,
  10,
  12,
  5,
  6,
  2,
  3,
  1,
  7,
  14,
  54,
  15,
  8,
  18,
  28,
  31,
  34,
  59,
  6,
  24,
  5,
  5,
  19,
  8,
  19,
  21,
  31,
  29,
  10,
  28,
  31,
  32,
  13,
  19,
  55,
  22,
  42,
  47,
  50,
  15,
  44,
  44,
  47,
  11,
  22,
  31,
  37,
  28,
  18,
  53,
  20,
  42,
  58,
  68,
  10,
  50,
  44,
  14,
  59,
  29,
  77,
  21,
  67,
  36,
  68,
  55,
  82,
  46,
  26,
  53,
  29,
  46,
  63,
  132,
  64,
  68,
  75,
  33,
  59,
  89,
  53,
  101,
  82,
  53,
  47,
  25,
  89,
  62,
  36,
  51,
  51,
  67,
  82,
  72,
  14)
DeterTime<-c(
  32,
  31,
  36,
  34,
  50,
  38,
  39,
  56,
  45,
  47,
  52,
  47,
  46,
  60,
  171,
  70,
  64,
  67,
  92,
  100,
  88,
  131,
  120,
  129,
  88,
  95,
  109,
  98,
  110,
  123,
  105,
  115,
  111,
  113,
  128,
  131,
  152,
  133,
  145,
  170,
  153,
  143,
  190,
  153,
  164,
  155,
  160,
  160,
  181,
  189,
  205,
  243,
  195,
  200,
  190,
  279,
  203,
  203,
  230,
  206,
  206,
  233,
  219,
  221,
  235,
  243,
  228,
  246,
  274,
  259,
  243,
  292,
  280,
  275,
  282,
  259,
  263,
  311,
  425,
  319,
  303,
  284,
  277,
  286,
  282,
  304,
  340,
  329,
  311,
  302,
  326,
  354,
  363,
  349,
  350,
  352,
  385,
  669,
  367,
  404)
plot(arraySize,RanTime, xlim = c(100000, 10000000) ,ylim  =c(0,1000), col = "red", main="Measure the actual time",
     sub="black = Deterministic-select, red = Randomized-select", xlab = "array size", ylab = "time(ms)")
abline(lm(RanTime~arraySize), col = "red") #Randomized-select 선형회귀
par(new = T)
plot(arraySize,DeterTime, xlim = c(100000, 10000000) ,ylim  =c(0,1000), xlab = "array size", ylab = "time(ms)")
abline(lm(DeterTime~arraySize)) #Deterministic-select 선형회귀
summary(lm(RanTime~arraySize)) # 선형회귀 결과 기울기 6.280e-06
summary(lm(DeterTime~arraySize)) # 선형회귀 결과 기울기 3.670e-05
3.670e-05/6.280e-06 #5.843949



